=== 프레임별 편향 진단 (data_seed 1234, 배치 10) ===

[left] 설정 | raw | cond_affine(GT불필요) | bg_temporal(GT불필요) | oracle_global | oracle_frame
   T25 | 0.0803 | 0.0716 | 0.0806 | 0.0705 | 0.0701
    S3 | 0.1459 | 0.0868 | 0.0848 | 0.0850 | 0.0846
  [S3−T25] raw +0.0655 | cond_affine +0.0152 | bg_temporal +0.0042 | oracle_global +0.0145 | oracle_frame +0.0145

[right] 설정 | raw | cond_affine(GT불필요) | bg_temporal(GT불필요) | oracle_global | oracle_frame
   T25 | 0.4181 | 0.4018 | 0.4286 | 0.3792 | 0.3765
    S3 | 0.7676 | 0.6156 | 0.6350 | 0.4633 | 0.4621
  [S3−T25] raw +0.3495 | cond_affine +0.2138 | bg_temporal +0.2064 | oracle_global +0.0841 | oracle_frame +0.0856

[오른쪽 뷰, 프레임별 오라클 a_t / b_t 와 raw AbsRel — 드리프트 확인 (배치별)]
 T25:
  b0: a_t 1.01 1.02 1.01 1.02 1.03 1.03 1.02 1.02 1.02 1.02 | b_t -0.02 -0.02 -0.02 -0.02 -0.02 -0.02 -0.02 -0.02 -0.02 -0.02 | raw_t 0.18 0.18 0.21 0.20 0.20 0.20 0.20 0.20 0.19 0.18 | cond(a,b)=(1.05,-0.04)
  b1: a_t 0.87 0.88 0.88 0.87 0.88 0.88 0.88 0.87 0.87 0.88 | b_t +0.12 +0.12 +0.11 +0.12 +0.12 +0.13 +0.13 +0.13 +0.13 +0.13 | raw_t 0.06 0.06 0.06 0.07 0.07 0.08 0.08 0.07 0.07 0.07 | cond(a,b)=(0.96,+0.03)
  b2: a_t 0.96 0.96 0.96 0.96 0.97 0.96 0.95 0.94 0.95 0.95 | b_t -0.00 +0.00 -0.00 +0.00 -0.00 +0.00 +0.00 +0.01 -0.00 +0.00 | raw_t 0.06 0.05 0.07 0.07 0.07 0.07 0.07 0.07 0.07 0.06 | cond(a,b)=(0.98,-0.02)
  b3: a_t 1.03 1.02 1.02 1.02 1.02 1.02 1.02 1.03 1.02 1.03 | b_t -0.00 -0.00 -0.00 -0.00 -0.00 +0.00 +0.00 -0.01 -0.01 -0.00 | raw_t 0.06 0.08 0.06 0.06 0.06 0.07 0.07 0.10 0.12 0.10 | cond(a,b)=(1.02,-0.00)
  b4: a_t 1.00 1.00 1.00 1.00 1.01 1.00 1.00 1.00 1.00 1.00 | b_t +0.01 +0.01 +0.01 +0.01 +0.01 +0.02 +0.02 +0.01 +0.01 +0.02 | raw_t 0.07 0.08 0.07 0.10 0.10 0.07 0.09 0.08 0.08 0.08 | cond(a,b)=(1.00,+0.02)
  b5: a_t 1.12 1.13 1.10 1.19 1.13 1.15 1.13 1.09 1.05 1.05 | b_t +0.03 +0.03 +0.03 +0.03 +0.03 +0.03 +0.03 +0.03 +0.03 +0.04 | raw_t 0.23 0.30 0.30 0.25 0.25 0.31 0.39 0.37 0.34 0.38 | cond(a,b)=(0.99,+0.05)
  b6: a_t 0.97 0.97 0.96 0.97 0.97 0.97 0.97 0.97 0.97 0.97 | b_t -0.00 -0.00 -0.00 -0.00 -0.00 +0.00 -0.00 -0.00 -0.00 +0.00 | raw_t 0.05 0.06 0.06 0.06 0.05 0.05 0.05 0.06 0.06 0.06 | cond(a,b)=(0.97,-0.00)
  b7: a_t 0.93 0.93 0.93 0.92 0.93 0.93 0.93 0.93 0.93 0.93 | b_t +0.12 +0.12 +0.12 +0.13 +0.12 +0.13 +0.13 +0.12 +0.12 +0.12 | raw_t 0.10 0.11 0.09 0.10 0.10 0.10 0.10 0.10 0.10 0.11 | cond(a,b)=(0.96,+0.10)
  b8: a_t 1.02 1.01 1.01 1.02 1.02 1.02 1.02 1.02 1.02 1.02 | b_t -0.00 -0.00 -0.00 +0.00 +0.00 +0.00 -0.00 -0.00 -0.00 +0.00 | raw_t 2.39 2.62 2.12 2.37 2.74 2.90 2.93 2.95 2.89 4.55 | cond(a,b)=(1.01,+0.00)
  b9: a_t 1.05 1.03 1.02 1.00 1.01 1.03 1.00 1.01 0.99 0.99 | b_t -0.04 -0.03 -0.03 -0.01 -0.02 -0.02 -0.01 -0.02 -0.01 -0.01 | raw_t 0.51 0.42 0.42 0.27 0.29 0.41 0.37 0.46 0.42 0.36 | cond(a,b)=(1.01,-0.00)
 S3:
  b0: a_t 0.85 0.88 0.87 0.85 0.87 0.83 0.86 0.87 0.87 0.88 | b_t +0.05 +0.03 +0.04 +0.05 +0.04 +0.07 +0.05 +0.04 +0.05 +0.04 | raw_t 0.33 0.34 0.36 0.37 0.32 0.36 0.32 0.32 0.33 0.32 | cond(a,b)=(0.97,-0.10)
  b1: a_t 0.63 0.63 0.64 0.63 0.63 0.62 0.64 0.64 0.63 0.65 | b_t +0.27 +0.27 +0.26 +0.26 +0.25 +0.27 +0.26 +0.26 +0.26 +0.25 | raw_t 0.18 0.18 0.17 0.18 0.18 0.19 0.18 0.18 0.18 0.17 | cond(a,b)=(0.80,+0.04)
  b2: a_t 0.73 0.72 0.75 0.72 0.72 0.73 0.73 0.70 0.70 0.68 | b_t +0.10 +0.11 +0.09 +0.10 +0.10 +0.09 +0.08 +0.10 +0.09 +0.10 | raw_t 0.18 0.18 0.17 0.19 0.20 0.19 0.19 0.20 0.22 0.23 | cond(a,b)=(0.78,+0.03)
  b3: a_t 0.88 0.89 0.89 0.89 0.89 0.88 0.89 0.89 0.89 0.89 | b_t -0.04 -0.04 -0.03 -0.04 -0.05 -0.03 -0.04 -0.04 -0.04 -0.04 | raw_t 0.33 0.32 0.28 0.27 0.28 0.27 0.27 0.28 0.31 0.30 | cond(a,b)=(0.87,-0.03)
  b4: a_t 0.80 0.82 0.82 0.82 0.82 0.82 0.82 0.82 0.82 0.82 | b_t +0.09 +0.08 +0.08 +0.08 +0.08 +0.08 +0.08 +0.08 +0.08 +0.08 | raw_t 0.17 0.15 0.16 0.17 0.17 0.18 0.17 0.17 0.17 0.16 | cond(a,b)=(0.87,+0.02)
  b5: a_t 0.86 0.86 0.85 0.87 0.87 0.85 0.85 0.86 0.85 0.85 | b_t +0.08 +0.08 +0.08 +0.08 +0.08 +0.08 +0.08 +0.08 +0.08 +0.08 | raw_t 0.45 0.44 0.48 0.47 0.47 0.54 0.59 0.60 0.57 0.63 | cond(a,b)=(0.89,+0.02)
  b6: a_t 0.78 0.79 0.79 0.79 0.79 0.78 0.79 0.79 0.79 0.79 | b_t -0.01 -0.01 -0.01 -0.01 -0.02 -0.00 -0.02 -0.02 -0.02 -0.02 | raw_t 0.32 0.30 0.30 0.30 0.32 0.30 0.31 0.33 0.34 0.33 | cond(a,b)=(0.78,-0.01)
  b7: a_t 0.68 0.66 0.66 0.66 0.66 0.68 0.68 0.68 0.68 0.68 | b_t +0.31 +0.33 +0.35 +0.35 +0.33 +0.31 +0.31 +0.30 +0.31 +0.31 | raw_t 0.19 0.20 0.20 0.20 0.20 0.20 0.20 0.19 0.19 0.20 | cond(a,b)=(0.80,+0.17)
  b8: a_t 0.85 0.86 0.86 0.86 0.86 0.86 0.86 0.86 0.86 0.86 | b_t -0.01 -0.01 -0.01 -0.01 -0.01 -0.01 -0.01 -0.01 -0.01 -0.01 | raw_t 3.33 4.25 3.28 3.51 4.24 4.22 3.67 3.84 3.76 5.72 | cond(a,b)=(0.86,-0.02)
  b9: a_t 0.89 0.92 0.84 0.85 0.85 0.90 0.80 0.81 0.93 0.92 | b_t -0.07 -0.08 -0.07 -0.08 -0.08 -0.08 -0.08 -0.09 -0.10 -0.09 | raw_t 1.38 1.44 1.38 1.43 1.51 1.44 1.55 1.63 1.60 1.55 | cond(a,b)=(0.89,-0.04)

판정: oracle_frame이 oracle_global보다 뚜렷이 낮으면 프레임별(시간 가변) 전역 편향. bg_temporal이 oracle_frame에 근접하면 '정적 배경 시간 앵커'가 GT 없이 해결.
