=== 정밀 분석 — paired 비교 (data_seed 1234, 배치 60 = 뷰 샘플 120, 다양성 배치 20×시드 4) ===
student: dmd_gen_step1600.pt | GT 선명도 0.02137

[평균] 설정 | s/생성 | PSNR^ | AbsRel v (L/R) | LPIPS v | 선명도 | CV-Chamfer v | 시드 다양성  (AbsRel: 오른쪽 GT 가짜 픽셀 제외)
 T25 |  24.9 | 20.34 | 0.0725 (L 0.0829/R 0.0621) | 0.1227 | 0.01268 | 0.1685 | 0.01846
 S3b |   4.4 | 20.19 | 0.0858 (L 0.0870/R 0.0845) | 0.1407 | 0.01295 | 0.1373 | 0.01931
 S4b |   4.6 | 19.97 | 0.0791 (L 0.0810/R 0.0772) | 0.1372 | 0.01295 | 0.1409 | 0.01989
 S5b |   4.9 | 20.03 | 0.0773 (L 0.0768/R 0.0779) | 0.1378 | 0.01296 | 0.1452 | 0.02027
 H3b |   4.4 | 21.03 | 0.0691 (L 0.0785/R 0.0598) | 0.1401 | 0.01141 | 0.1727 | 0.01125
 H4b |   4.6 | 20.81 | 0.0663 (L 0.0777/R 0.0549) | 0.1335 | 0.01166 | 0.1770 | 0.01230

[paired: X − T25, 샘플별 차이] 지표 | 설정 | 평균차 ± std | X가 나은 샘플 비율 | Wilcoxon p
  PSNR |  S3b | -0.1490 ± 0.6347 |  32.5% | 0.003
  PSNR |  S4b | -0.3642 ± 0.6186 |  25.8% | 0.000
  PSNR |  S5b | -0.3110 ± 0.5654 |  24.2% | 0.000
  PSNR |  H3b | +0.6879 ± 0.6061 |  90.0% | 0.000
  PSNR |  H4b | +0.4690 ± 0.6087 |  84.2% | 0.000
AbsRel |  S3b | +0.0133 ± 0.0235 |  25.8% | 0.000
AbsRel |  S4b | +0.0066 ± 0.0241 |  38.3% | 0.003
AbsRel |  S5b | +0.0048 ± 0.0242 |  44.2% | 0.047
AbsRel |  H3b | -0.0034 ± 0.0152 |  50.0% | 0.072
AbsRel |  H4b | -0.0062 ± 0.0145 |  72.5% | 0.000
 LPIPS |  S3b | +0.0180 ± 0.0103 |   2.5% | 0.000
 LPIPS |  S4b | +0.0146 ± 0.0092 |   3.3% | 0.000
 LPIPS |  S5b | +0.0151 ± 0.0091 |   2.5% | 0.000
 LPIPS |  H3b | +0.0175 ± 0.0113 |   1.7% | 0.000
 LPIPS |  H4b | +0.0109 ± 0.0089 |   9.2% | 0.000
 sharp |  S3b | +0.0003 ± 0.0009 |  57.5% | 0.031
 sharp |  S4b | +0.0003 ± 0.0007 |  63.3% | 0.000
 sharp |  S5b | +0.0003 ± 0.0006 |  70.8% | 0.000
 sharp |  H3b | -0.0013 ± 0.0006 |   1.7% | 0.000
 sharp |  H4b | -0.0010 ± 0.0005 |   1.7% | 0.000
    CV |  S3b | -0.0312 ± 0.0513 |  65.0% | 0.000
    CV |  S4b | -0.0276 ± 0.0470 |  73.3% | 0.000
    CV |  S5b | -0.0233 ± 0.0439 |  73.3% | 0.000
    CV |  H3b | +0.0042 ± 0.0247 |  43.3% | 0.369
    CV |  H4b | +0.0085 ± 0.0237 |  40.0% | 0.008
   div |  S3b | +0.0008 ± 0.0022 |  75.0% | 0.006
   div |  S4b | +0.0014 ± 0.0022 |  85.0% | 0.000
   div |  S5b | +0.0018 ± 0.0028 |  72.5% | 0.000
   div |  H3b | -0.0072 ± 0.0025 |   0.0% | 0.000
   div |  H4b | -0.0062 ± 0.0020 |   0.0% | 0.000

[샘플별 AbsRel] batch/view | T25 | S3b | S4b | S5b | H3b | H4b
0/l | 0.068 | 0.091 | 0.087 | 0.087 | 0.062 | 0.062
0/r | 0.094 | 0.117 | 0.113 | 0.097 | 0.100 | 0.087
1/l | 0.133 | 0.127 | 0.102 | 0.099 | 0.117 | 0.117
1/r | 0.035 | 0.058 | 0.045 | 0.047 | 0.042 | 0.033
2/l | 0.173 | 0.130 | 0.118 | 0.107 | 0.140 | 0.138
2/r | 0.067 | 0.072 | 0.055 | 0.059 | 0.047 | 0.037
3/l | 0.049 | 0.099 | 0.094 | 0.077 | 0.058 | 0.060
3/r | 0.079 | 0.136 | 0.134 | 0.115 | 0.085 | 0.076
4/l | 0.064 | 0.072 | 0.068 | 0.061 | 0.064 | 0.062
4/r | 0.076 | 0.105 | 0.106 | 0.103 | 0.077 | 0.080
5/l | 0.049 | 0.059 | 0.050 | 0.047 | 0.050 | 0.046
5/r | 0.073 | 0.063 | 0.072 | 0.071 | 0.054 | 0.057
6/l | 0.101 | 0.083 | 0.067 | 0.073 | 0.077 | 0.072
6/r | 0.055 | 0.089 | 0.102 | 0.093 | 0.062 | 0.084
7/l | 0.050 | 0.071 | 0.070 | 0.079 | 0.057 | 0.057
7/r | 0.066 | 0.083 | 0.079 | 0.085 | 0.047 | 0.046
8/l | 0.070 | 0.069 | 0.072 | 0.069 | 0.060 | 0.062
8/r | 0.047 | 0.053 | 0.057 | 0.056 | 0.044 | 0.044
9/l | 0.047 | 0.075 | 0.077 | 0.071 | 0.049 | 0.049
9/r | 0.053 | 0.083 | 0.071 | 0.081 | 0.054 | 0.055
10/l | 0.046 | 0.057 | 0.050 | 0.050 | 0.043 | 0.039
10/r | 0.038 | 0.093 | 0.069 | 0.063 | 0.057 | 0.050
11/l | 0.091 | 0.107 | 0.100 | 0.104 | 0.095 | 0.091
11/r | 0.100 | 0.166 | 0.157 | 0.155 | 0.101 | 0.106
12/l | 0.037 | 0.050 | 0.048 | 0.043 | 0.035 | 0.030
12/r | 0.071 | 0.069 | 0.050 | 0.055 | 0.040 | 0.033
13/l | 0.039 | 0.052 | 0.052 | 0.045 | 0.039 | 0.035
13/r | 0.047 | 0.053 | 0.051 | 0.041 | 0.040 | 0.039
14/l | 0.067 | 0.090 | 0.054 | 0.051 | 0.060 | 0.056
14/r | 0.086 | 0.111 | 0.083 | 0.097 | 0.081 | 0.071
15/l | 0.044 | 0.054 | 0.055 | 0.048 | 0.046 | 0.043
15/r | 0.079 | 0.082 | 0.065 | 0.068 | 0.054 | 0.047
16/l | 0.046 | 0.064 | 0.055 | 0.053 | 0.049 | 0.046
16/r | 0.072 | 0.070 | 0.074 | 0.074 | 0.053 | 0.051
17/l | 0.046 | 0.057 | 0.049 | 0.048 | 0.053 | 0.047
17/r | 0.072 | 0.080 | 0.085 | 0.086 | 0.058 | 0.057
18/l | 0.060 | 0.057 | 0.054 | 0.045 | 0.047 | 0.048
18/r | 0.032 | 0.081 | 0.064 | 0.049 | 0.054 | 0.045
19/l | 0.066 | 0.055 | 0.049 | 0.047 | 0.052 | 0.053
19/r | 0.068 | 0.092 | 0.092 | 0.093 | 0.068 | 0.065
20/l | 0.101 | 0.121 | 0.113 | 0.093 | 0.097 | 0.107
20/r | 0.033 | 0.054 | 0.041 | 0.045 | 0.034 | 0.023
21/l | 0.103 | 0.109 | 0.099 | 0.089 | 0.095 | 0.088
21/r | 0.033 | 0.054 | 0.039 | 0.042 | 0.036 | 0.026
22/l | 0.055 | 0.050 | 0.047 | 0.044 | 0.055 | 0.053
22/r | 0.075 | 0.073 | 0.059 | 0.062 | 0.048 | 0.041
23/l | 0.058 | 0.049 | 0.045 | 0.042 | 0.059 | 0.057
23/r | 0.067 | 0.068 | 0.067 | 0.067 | 0.051 | 0.054
24/l | 0.059 | 0.075 | 0.053 | 0.052 | 0.056 | 0.055
24/r | 0.080 | 0.080 | 0.077 | 0.072 | 0.081 | 0.070
25/l | 0.056 | 0.053 | 0.052 | 0.045 | 0.047 | 0.045
25/r | 0.066 | 0.096 | 0.093 | 0.105 | 0.074 | 0.069
26/l | 0.061 | 0.052 | 0.050 | 0.046 | 0.051 | 0.050
26/r | 0.050 | 0.075 | 0.061 | 0.062 | 0.046 | 0.037
27/l | 0.074 | 0.057 | 0.050 | 0.044 | 0.067 | 0.066
27/r | 0.033 | 0.086 | 0.067 | 0.056 | 0.055 | 0.047
28/l | 0.064 | 0.061 | 0.060 | 0.053 | 0.061 | 0.061
28/r | 0.073 | 0.101 | 0.077 | 0.093 | 0.065 | 0.057
29/l | 0.058 | 0.064 | 0.061 | 0.048 | 0.055 | 0.050
29/r | 0.047 | 0.078 | 0.090 | 0.104 | 0.059 | 0.054
30/l | 0.086 | 0.094 | 0.080 | 0.073 | 0.070 | 0.067
30/r | 0.032 | 0.065 | 0.051 | 0.054 | 0.039 | 0.029
31/l | 0.048 | 0.052 | 0.048 | 0.045 | 0.049 | 0.048
31/r | 0.054 | 0.064 | 0.068 | 0.068 | 0.049 | 0.051
32/l | 0.053 | 0.051 | 0.047 | 0.048 | 0.053 | 0.053
32/r | 0.052 | 0.068 | 0.058 | 0.074 | 0.046 | 0.039
33/l | 0.106 | 0.069 | 0.061 | 0.063 | 0.055 | 0.067
33/r | 0.053 | 0.068 | 0.055 | 0.057 | 0.059 | 0.046
34/l | 0.101 | 0.083 | 0.067 | 0.073 | 0.077 | 0.072
34/r | 0.051 | 0.066 | 0.053 | 0.053 | 0.055 | 0.043
35/l | 0.082 | 0.064 | 0.051 | 0.051 | 0.078 | 0.072
35/r | 0.055 | 0.058 | 0.054 | 0.062 | 0.046 | 0.041
36/l | 0.080 | 0.066 | 0.054 | 0.052 | 0.088 | 0.081
36/r | 0.069 | 0.116 | 0.097 | 0.098 | 0.073 | 0.061
37/l | 0.084 | 0.069 | 0.058 | 0.051 | 0.094 | 0.091
37/r | 0.091 | 0.102 | 0.108 | 0.106 | 0.096 | 0.090
38/l | 0.086 | 0.061 | 0.049 | 0.051 | 0.094 | 0.092
38/r | 0.050 | 0.051 | 0.048 | 0.049 | 0.042 | 0.039
39/l | 0.083 | 0.068 | 0.062 | 0.053 | 0.102 | 0.102
39/r | 0.068 | 0.133 | 0.121 | 0.130 | 0.083 | 0.065
40/l | 0.090 | 0.057 | 0.052 | 0.048 | 0.086 | 0.082
40/r | 0.059 | 0.124 | 0.107 | 0.102 | 0.070 | 0.057
41/l | 0.075 | 0.124 | 0.111 | 0.089 | 0.098 | 0.117
41/r | 0.063 | 0.106 | 0.089 | 0.101 | 0.066 | 0.061
42/l | 0.058 | 0.048 | 0.050 | 0.044 | 0.054 | 0.053
42/r | 0.045 | 0.114 | 0.107 | 0.114 | 0.063 | 0.052
43/l | 0.062 | 0.050 | 0.052 | 0.046 | 0.052 | 0.055
43/r | 0.038 | 0.073 | 0.056 | 0.055 | 0.050 | 0.041
44/l | 0.051 | 0.053 | 0.054 | 0.049 | 0.050 | 0.048
44/r | 0.028 | 0.047 | 0.043 | 0.041 | 0.037 | 0.035
45/l | 0.078 | 0.087 | 0.088 | 0.073 | 0.090 | 0.095
45/r | 0.124 | 0.144 | 0.135 | 0.146 | 0.132 | 0.127
46/l | 0.059 | 0.079 | 0.075 | 0.064 | 0.091 | 0.091
46/r | 0.039 | 0.045 | 0.041 | 0.043 | 0.043 | 0.039
47/l | 0.110 | 0.115 | 0.123 | 0.133 | 0.087 | 0.087
47/r | 0.162 | 0.136 | 0.127 | 0.133 | 0.141 | 0.132
48/l | 0.048 | 0.057 | 0.046 | 0.060 | 0.051 | 0.047
48/r | 0.061 | 0.129 | 0.128 | 0.135 | 0.062 | 0.058
49/l | 0.267 | 0.322 | 0.313 | 0.307 | 0.286 | 0.287
49/r | 0.043 | 0.056 | 0.058 | 0.056 | 0.037 | 0.037
50/l | 0.049 | 0.059 | 0.050 | 0.047 | 0.050 | 0.046
50/r | 0.082 | 0.095 | 0.086 | 0.080 | 0.054 | 0.053
51/l | 0.302 | 0.352 | 0.342 | 0.335 | 0.308 | 0.306
51/r | 0.034 | 0.067 | 0.055 | 0.057 | 0.036 | 0.029
52/l | 0.069 | 0.075 | 0.065 | 0.060 | 0.057 | 0.054
52/r | 0.075 | 0.089 | 0.080 | 0.078 | 0.064 | 0.057
53/l | 0.065 | 0.068 | 0.063 | 0.057 | 0.066 | 0.064
53/r | 0.037 | 0.053 | 0.056 | 0.055 | 0.044 | 0.045
54/l | 0.047 | 0.049 | 0.047 | 0.049 | 0.043 | 0.039
54/r | 0.080 | 0.070 | 0.072 | 0.070 | 0.055 | 0.061
55/l | 0.060 | 0.062 | 0.058 | 0.059 | 0.053 | 0.050
55/r | 0.060 | 0.063 | 0.060 | 0.060 | 0.050 | 0.044
56/l | 0.230 | 0.302 | 0.325 | 0.304 | 0.205 | 0.195
56/r | 0.039 | 0.068 | 0.061 | 0.060 | 0.052 | 0.041
57/l | 0.316 | 0.272 | 0.274 | 0.276 | 0.228 | 0.255
57/r | 0.111 | 0.142 | 0.122 | 0.120 | 0.093 | 0.086
58/l | 0.045 | 0.052 | 0.042 | 0.045 | 0.048 | 0.044
58/r | 0.069 | 0.083 | 0.076 | 0.070 | 0.047 | 0.047
59/l | 0.047 | 0.047 | 0.047 | 0.045 | 0.051 | 0.055
59/r | 0.034 | 0.058 | 0.061 | 0.054 | 0.038 | 0.041

해석 가이드: S3가 T25 대비 PSNR·LPIPS·선명도·다양성은 동급(p>0.05 또는 개선)인데 AbsRel만 유의하게 나쁘면 '픽셀 복원, 기하 미달'이 샘플 수준에서 확정.
